[('auroit', (1827, 0.13983369641921128, -6.8345378912024142)),
 ('académie', (1862, 0.63497556068001637, -3.1614328314475078)),
 ('académie_NOUN', (1862, 0.63046835634389664, -3.1331452906467998)),
 ('agréables', (1868, 0.66334223593973396, -2.6322697573600138)),
 ('acide_ADJ', (1871, 0.51836050754722829, -2.6043137430135213)),
 ('acides_NOUN', (1887, 0.86817120506444767, -2.4337109984350094)),
 ('animale_ADJ', (1884, 0.99531056643811888, -2.4176356754245458)),
 ('animale', (1885, 1.0089526455958528, -2.3900848231045466)),
 ('animales_ADJ', (1893, 1.1049498960658422, -2.0849891560106268)),
 ('atmosphérique_ADJ', (1882, 0.78261129635482918, -2.0070696651744666)),
 ('affreux', (1868, 0.6319610531432801, -1.9527856530018215)),
 ('alternativement_ADV', (1876, 0.70702726768793656, -1.8686959562372065)),
 ('anciens_NOUN', (1876, 0.82396615867332412, -1.8140139285404089)),
 ('Autrichiens', (1865, 0.48399110933962686, -1.8045578881280386)),
 ('assemblée', (1878, 0.73426737600076908, -1.7977410029533927)),
 ('affections', (1869, 0.53543866646942229, -1.7840001546526207)),
 ('animaux_NOUN', (1886, 0.83151040252100494, -1.6103864702084294)),
 ('air', (1885, 0.82933810183404455, -1.6051229138296716)),
 ('aliment', (1888, 0.84286319290947787, -1.5493054044013039)),
 ('abondance', (1886, 0.86360070245442555, -1.5035622778492304))]